Time (min)	Step (s)	Value (EU)
15.000000	0.5	-0.067930
15.008333	0.5	-0.070078
15.016667	0.5	-0.074571
15.025000	0.5	-0.078868
15.033333	0.5	-0.080039
15.041667	0.5	-0.077500
15.050000	0.5	-0.070274
15.058333	0.5	-0.061680
15.066667	0.5	-0.052110
15.075000	0.5	-0.044493
15.083333	0.5	-0.038828
15.091667	0.5	-0.040000
15.100000	0.5	-0.045469
15.108333	0.5	-0.053282
15.116667	0.5	-0.061289
15.125000	0.5	-0.066953
15.133333	0.5	-0.069297
15.141667	0.5	-0.068711
15.150000	0.5	-0.068711
15.158333	0.5	-0.069102
15.166667	0.5	-0.072032
15.175000	0.5	-0.075743
15.183333	0.5	-0.079844
15.191667	0.5	-0.083555
15.200000	0.5	-0.083360
15.208333	0.5	-0.081407
15.216667	0.5	-0.081407
15.225000	0.5	-0.081407
15.233333	0.5	-0.081016
15.241667	0.5	-0.078282
15.250000	0.5	-0.075157
15.258333	0.5	-0.072618
15.266667	0.5	-0.070274
15.275000	0.5	-0.068907
15.283333	0.5	-0.070274
15.291667	0.5	-0.076914
15.300000	0.5	-0.086485
15.308333	0.5	-0.091563
15.316667	0.5	-0.089414
15.325000	0.5	-0.081993
15.333333	0.5	-0.075547
15.341667	0.5	-0.073985
15.350000	0.5	-0.077500
15.358333	0.5	-0.081797
15.366667	0.5	-0.085703
15.375000	0.5	-0.087266
15.383333	0.5	-0.087266
15.391667	0.5	-0.086485
15.400000	0.5	-0.085508
15.408333	0.5	-0.083946
15.416667	0.5	-0.080430
15.425000	0.5	-0.077500
15.433333	0.5	-0.074375
15.441667	0.5	-0.071836
15.450000	0.5	-0.070274
15.458333	0.5	-0.067930
15.466667	0.5	-0.065000
15.475000	0.5	-0.063243
15.483333	0.5	-0.063243
15.491667	0.5	-0.067930
15.500000	0.5	-0.075157
15.508333	0.5	-0.084336
15.516667	0.5	-0.090977
15.525000	0.5	-0.091953
15.533333	0.5	-0.089610
15.541667	0.5	-0.086289
15.550000	0.5	-0.085118
15.558333	0.5	-0.085313
15.566667	0.5	-0.085899
15.575000	0.5	-0.082578
15.583333	0.5	-0.076328
15.591667	0.5	-0.069297
15.600000	0.5	-0.063438
15.608333	0.5	-0.056993
15.616667	0.5	-0.050157
15.625000	0.5	-0.043321
15.633333	0.5	-0.038438
15.641667	0.5	-0.040586
15.650000	0.5	-0.046055
15.658333	0.5	-0.050352
15.666667	0.5	-0.051524
15.675000	0.5	-0.052500
15.683333	0.5	-0.056016
15.691667	0.5	-0.062852
15.700000	0.5	-0.069688
15.708333	0.5	-0.072422
15.716667	0.5	-0.071055
15.725000	0.5	-0.068907
15.733333	0.5	-0.070469
15.741667	0.5	-0.075157
15.750000	0.5	-0.082383
15.758333	0.5	-0.088047
15.766667	0.5	-0.091368
15.775000	0.5	-0.092930
15.783333	0.5	-0.093125
15.791667	0.5	-0.091758
15.800000	0.5	-0.088243
15.808333	0.5	-0.082188
15.816667	0.5	-0.074375
15.825000	0.5	-0.067930
15.833333	0.5	-0.064024
15.841667	0.5	-0.066953
15.850000	0.5	-0.074571
15.858333	0.5	-0.083360
15.866667	0.5	-0.087461
15.875000	0.5	-0.086094
15.883333	0.5	-0.082188
15.891667	0.5	-0.082383
15.900000	0.5	-0.087266
15.908333	0.5	-0.092735
15.916667	0.5	-0.095664
15.925000	0.5	-0.095860
15.933333	0.5	-0.093516
15.941667	0.5	-0.091368
15.950000	0.5	-0.087852
15.958333	0.5	-0.084336
15.966667	0.5	-0.083360
15.975000	0.5	-0.083555
15.983333	0.5	-0.084336
15.991667	0.5	-0.083750
16.000000	0.5	-0.081407
16.008333	0.5	-0.080821
16.016667	0.5	-0.083555
16.025000	0.5	-0.087071
16.033333	0.5	-0.087461
16.041667	0.5	-0.082969
16.050000	0.5	-0.074375
16.058333	0.5	-0.064610
16.066667	0.5	-0.053282
16.075000	0.5	-0.039219
16.083333	0.5	-0.019493
16.091667	0.5	0.005898
16.100000	0.5	0.034023
16.108333	0.5	0.064297
16.116667	0.5	0.097695
16.125000	0.5	0.139101
16.133333	0.5	0.192031
16.141667	0.5	0.257070
16.150000	0.5	0.337539
16.158333	0.5	0.433437
16.166667	0.5	0.548086
16.175000	0.5	0.685000
16.183333	0.5	0.850039
16.191667	0.5	1.048086
16.200000	0.5	1.280703
16.208333	0.5	1.550234
16.216667	0.5	1.858437
16.225000	0.5	2.210390
16.233333	0.5	2.610000
16.241667	0.5	3.058047
16.250000	0.5	3.548086
16.258333	0.5	4.072695
16.266667	0.5	4.623672
16.275000	0.5	5.190664
16.283333	0.5	5.761953
16.291667	0.5	6.320743
16.300000	0.5	6.847890
16.308333	0.5	7.324648
16.316667	0.5	7.731875
16.325000	0.5	8.051016
16.333333	0.5	8.269179
16.341667	0.5	8.379922
16.350000	0.5	8.382461
16.358333	0.5	8.276602
16.366667	0.5	8.063516
16.375000	0.5	7.746523
16.383333	0.5	7.334219
16.391667	0.5	6.842813
16.400000	0.5	6.291641
16.408333	0.5	5.703164
16.416667	0.5	5.101797
16.425000	0.5	4.506875
16.433333	0.5	3.931679
16.441667	0.5	3.385781
16.450000	0.5	2.877968
16.458333	0.5	2.418984
16.466667	0.5	2.014687
16.475000	0.5	1.665468
16.483333	0.5	1.366250
16.491667	0.5	1.111953
16.500000	0.5	0.897109
16.508333	0.5	0.715468
16.516667	0.5	0.562343
16.525000	0.5	0.433047
16.533333	0.5	0.327382
16.541667	0.5	0.243398
16.550000	0.5	0.178554
16.558333	0.5	0.129726
16.566667	0.5	0.092617
16.575000	0.5	0.061757
16.583333	0.5	0.033437
16.591667	0.5	0.005312
16.600000	0.5	-0.021446
16.608333	0.5	-0.044493
16.616667	0.5	-0.061875
16.625000	0.5	-0.072227
16.633333	0.5	-0.073985
16.641667	0.5	-0.069297
16.650000	0.5	-0.062852
16.658333	0.5	-0.060313
16.666667	0.5	-0.063047
16.675000	0.5	-0.067930
16.683333	0.5	-0.069493
16.691667	0.5	-0.067149
16.700000	0.5	-0.063438
16.708333	0.5	-0.062071
16.716667	0.5	-0.064219
16.725000	0.5	-0.066563
16.733333	0.5	-0.067930
16.741667	0.5	-0.070078
16.750000	0.5	-0.076133
16.758333	0.5	-0.085703
16.766667	0.5	-0.092149
16.775000	0.5	-0.092539
16.783333	0.5	-0.088243
16.791667	0.5	-0.083750
16.800000	0.5	-0.080625
16.808333	0.5	-0.078672
16.816667	0.5	-0.076133
16.825000	0.5	-0.073789
16.833333	0.5	-0.074571
16.841667	0.5	-0.078477
16.850000	0.5	-0.084532
16.858333	0.5	-0.089024
16.866667	0.5	-0.091563
16.875000	0.5	-0.093125
16.883333	0.5	-0.093711
16.891667	0.5	-0.093125
16.900000	0.5	-0.090586
16.908333	0.5	-0.086485
16.916667	0.5	-0.082188
16.925000	0.5	-0.080235
16.933333	0.5	-0.082774
16.941667	0.5	-0.087657
16.950000	0.5	-0.093125
16.958333	0.5	-0.097227
16.966667	0.5	-0.097813
16.975000	0.5	-0.094883
16.983333	0.5	-0.088828
16.991667	0.5	-0.082969
17.000000	0.5	-0.081797
17.008333	0.5	-0.088243
17.016667	0.5	-0.096836
17.025000	0.5	-0.102500
17.033333	0.5	-0.101719
17.041667	0.5	-0.096250
17.050000	0.5	-0.088828
17.058333	0.5	-0.083164
17.066667	0.5	-0.078477
17.075000	0.5	-0.072227
17.083333	0.5	-0.062266
17.091667	0.5	-0.047032
17.100000	0.5	-0.030235
17.108333	0.5	-0.017539
17.116667	0.5	-0.011485
17.125000	0.5	-0.008360
17.133333	0.5	-0.003086
17.141667	0.5	0.012343
17.150000	0.5	0.038711
17.158333	0.5	0.074257
17.166667	0.5	0.115078
17.175000	0.5	0.155312
17.183333	0.5	0.193593
17.191667	0.5	0.228359
17.200000	0.5	0.261757
17.208333	0.5	0.296328
17.216667	0.5	0.337148
17.225000	0.5	0.388711
17.233333	0.5	0.449648
17.241667	0.5	0.512343
17.250000	0.5	0.565468
17.258333	0.5	0.605312
17.266667	0.5	0.632070
17.275000	0.5	0.650234
17.283333	0.5	0.663711
17.291667	0.5	0.672500
17.300000	0.5	0.672304
17.308333	0.5	0.660390
17.316667	0.5	0.637539
17.325000	0.5	0.601992
17.333333	0.5	0.557851
17.341667	0.5	0.510586
17.350000	0.5	0.462148
17.358333	0.5	0.413125
17.366667	0.5	0.361757
17.375000	0.5	0.310000
17.383333	0.5	0.261172
17.391667	0.5	0.217031
17.400000	0.5	0.178359
17.408333	0.5	0.143203
17.416667	0.5	0.109218
17.425000	0.5	0.076406
17.433333	0.5	0.045351
17.441667	0.5	0.015468
17.450000	0.5	-0.012071
17.458333	0.5	-0.033360
17.466667	0.5	-0.049375
17.475000	0.5	-0.059727
17.483333	0.5	-0.065782
17.491667	0.5	-0.069688
17.500000	0.5	-0.072618
17.508333	0.5	-0.076719
17.516667	0.5	-0.084336
17.525000	0.5	-0.093516
17.533333	0.5	-0.100743
17.541667	0.5	-0.103672
17.550000	0.5	-0.101719
17.558333	0.5	-0.097813
17.566667	0.5	-0.095664
17.575000	0.5	-0.098008
17.583333	0.5	-0.104844
17.591667	0.5	-0.112266
17.600000	0.5	-0.116758
17.608333	0.5	-0.116368
17.616667	0.5	-0.113633
17.625000	0.5	-0.110118
17.633333	0.5	-0.107188
17.641667	0.5	-0.103477
17.650000	0.5	-0.098203
17.658333	0.5	-0.093907
17.666667	0.5	-0.091368
17.675000	0.5	-0.093711
17.683333	0.5	-0.100938
17.691667	0.5	-0.109532
17.700000	0.5	-0.113633
17.708333	0.5	-0.110703
17.716667	0.5	-0.104258
17.725000	0.5	-0.100157
17.733333	0.5	-0.101914
17.741667	0.5	-0.107188
17.750000	0.5	-0.111094
17.758333	0.5	-0.112657
17.766667	0.5	-0.114219
17.775000	0.5	-0.117539
17.783333	0.5	-0.122813
17.791667	0.5	-0.127110
17.800000	0.5	-0.128672
17.808333	0.5	-0.128086
17.816667	0.5	-0.125938
17.825000	0.5	-0.122032
17.833333	0.5	-0.119688
17.841667	0.5	-0.118516
17.850000	0.5	-0.117539
17.858333	0.5	-0.116172
17.866667	0.5	-0.114805
17.875000	0.5	-0.114610
17.883333	0.5	-0.114610
17.891667	0.5	-0.114219
17.900000	0.5	-0.112461
17.908333	0.5	-0.110703
17.916667	0.5	-0.111680
17.925000	0.5	-0.116172
17.933333	0.5	-0.121641
17.941667	0.5	-0.125743
17.950000	0.5	-0.125352
17.958333	0.5	-0.122422
17.966667	0.5	-0.123789
17.975000	0.5	-0.129453
17.983333	0.5	-0.136875
17.991667	0.5	-0.140977
18.000000	0.5	-0.140000
18.008333	0.5	-0.134922
18.016667	0.5	-0.128086
18.025000	0.5	-0.120469
18.033333	0.5	-0.115000
18.041667	0.5	-0.112852
18.050000	0.5	-0.114610
18.058333	0.5	-0.119297
18.066667	0.5	-0.126914
18.075000	0.5	-0.132188
18.083333	0.5	-0.134922
18.091667	0.5	-0.134727
18.100000	0.5	-0.134141
18.108333	0.5	-0.135118
18.116667	0.5	-0.137852
18.125000	0.5	-0.140196
18.133333	0.5	-0.138828
18.141667	0.5	-0.132969
18.150000	0.5	-0.125547
18.158333	0.5	-0.118711
18.166667	0.5	-0.115391
18.175000	0.5	-0.113828
18.183333	0.5	-0.113633
18.191667	0.5	-0.113438
18.200000	0.5	-0.114414
18.208333	0.5	-0.116953
18.216667	0.5	-0.122227
18.225000	0.5	-0.129844
18.233333	0.5	-0.136094
18.241667	0.5	-0.138047
18.250000	0.5	-0.135118
18.258333	0.5	-0.129063
18.266667	0.5	-0.122227
18.275000	0.5	-0.114610
18.283333	0.5	-0.105821
18.291667	0.5	-0.095469
18.300000	0.5	-0.086680
18.308333	0.5	-0.082188
18.316667	0.5	-0.086875
18.325000	0.5	-0.095274
18.333333	0.5	-0.103672
18.341667	0.5	-0.108164
18.350000	0.5	-0.109141
18.358333	0.5	-0.108750
18.366667	0.5	-0.107383
18.375000	0.5	-0.105430
18.383333	0.5	-0.100157
18.391667	0.5	-0.092344
18.400000	0.5	-0.084727
18.408333	0.5	-0.076133
18.416667	0.5	-0.065586
18.425000	0.5	-0.046836
18.433333	0.5	-0.017735
18.441667	0.5	0.019570
18.450000	0.5	0.059023
18.458333	0.5	0.097109
18.466667	0.5	0.137148
18.475000	0.5	0.185390
18.483333	0.5	0.248476
18.491667	0.5	0.326992
18.500000	0.5	0.420742
18.508333	0.5	0.527968
18.516667	0.5	0.650625
18.525000	0.5	0.792812
18.533333	0.5	0.958828
18.541667	0.5	1.151406
18.550000	0.5	1.369179
18.558333	0.5	1.609804
18.566667	0.5	1.868984
18.575000	0.5	2.142421
18.583333	0.5	2.425820
18.591667	0.5	2.715273
18.600000	0.5	3.005117
18.608333	0.5	3.287930
18.616667	0.5	3.553555
18.625000	0.5	3.788320
18.633333	0.5	3.984219
18.641667	0.5	4.135586
18.650000	0.5	4.240078
18.658333	0.5	4.294961
18.666667	0.5	4.295352
18.675000	0.5	4.237734
18.683333	0.5	4.121914
18.691667	0.5	3.951015
18.700000	0.5	3.736367
18.708333	0.5	3.487930
18.716667	0.5	3.215469
18.725000	0.5	2.927187
18.733333	0.5	2.628750
18.741667	0.5	2.327578
18.750000	0.5	2.036953
18.758333	0.5	1.764101
18.766667	0.5	1.514297
18.775000	0.5	1.285195
18.783333	0.5	1.075234
18.791667	0.5	0.884804
18.800000	0.5	0.713906
18.808333	0.5	0.566445
18.816667	0.5	0.444961
18.825000	0.5	0.347695
18.833333	0.5	0.272890
18.841667	0.5	0.212929
18.850000	0.5	0.161562
18.858333	0.5	0.115078
18.866667	0.5	0.072304
18.875000	0.5	0.034023
18.883333	0.5	0.002578
18.891667	0.5	-0.021250
18.900000	0.5	-0.038633
18.908333	0.5	-0.051524
18.916667	0.5	-0.061289
18.925000	0.5	-0.069493
18.933333	0.5	-0.075352
18.941667	0.5	-0.078086
18.950000	0.5	-0.076914
18.958333	0.5	-0.072618
18.966667	0.5	-0.066953
18.975000	0.5	-0.060899
18.983333	0.5	-0.055821
18.991667	0.5	-0.048985
19.000000	0.5	-0.038633
19.008333	0.5	-0.026914
19.016667	0.5	-0.016563
19.025000	0.5	-0.007774
19.033333	0.5	0.004336
19.041667	0.5	0.025039
19.050000	0.5	0.057070
19.058333	0.5	0.097304
19.066667	0.5	0.141250
19.075000	0.5	0.185195
19.083333	0.5	0.226211
19.091667	0.5	0.264687
19.100000	0.5	0.303554
19.108333	0.5	0.345937
19.116667	0.5	0.392031
19.125000	0.5	0.439687
19.133333	0.5	0.484609
19.141667	0.5	0.525625
19.150000	0.5	0.564687
19.158333	0.5	0.602968
19.166667	0.5	0.637539
19.175000	0.5	0.664687
19.183333	0.5	0.677382
19.191667	0.5	0.674453
19.200000	0.5	0.656289
19.208333	0.5	0.629922
19.216667	0.5	0.599843
19.225000	0.5	0.567422
19.233333	0.5	0.532265
19.241667	0.5	0.490859
19.250000	0.5	0.444765
19.258333	0.5	0.400429
19.266667	0.5	0.362148
19.275000	0.5	0.333047
19.283333	0.5	0.309414
19.291667	0.5	0.291445
19.300000	0.5	0.281484
19.308333	0.5	0.284218
19.316667	0.5	0.302968
19.325000	0.5	0.334804
19.333333	0.5	0.379140
19.341667	0.5	0.431679
19.350000	0.5	0.493593
19.358333	0.5	0.563320
19.366667	0.5	0.640078
19.375000	0.5	0.720937
19.383333	0.5	0.807070
19.391667	0.5	0.898281
19.400000	0.5	0.994375
19.408333	0.5	1.089297
19.416667	0.5	1.174843
19.425000	0.5	1.246328
19.433333	0.5	1.301406
19.441667	0.5	1.341445
19.450000	0.5	1.362929
19.458333	0.5	1.364492
19.466667	0.5	1.346914
19.475000	0.5	1.311367
19.483333	0.5	1.261757
19.491667	0.5	1.200625
19.500000	0.5	1.127187
19.508333	0.5	1.041836
19.516667	0.5	0.945937
19.525000	0.5	0.843398
19.533333	0.5	0.740468
19.541667	0.5	0.642031
19.550000	0.5	0.548086
19.558333	0.5	0.457070
19.566667	0.5	0.370351
19.575000	0.5	0.290468
19.583333	0.5	0.220742
19.591667	0.5	0.162929
19.600000	0.5	0.117422
19.608333	0.5	0.081679
19.616667	0.5	0.051211
19.625000	0.5	0.021132
19.633333	0.5	-0.008946
19.641667	0.5	-0.035118
19.650000	0.5	-0.052305
19.658333	0.5	-0.059532
19.666667	0.5	-0.060899
19.675000	0.5	-0.062071
19.683333	0.5	-0.065782
19.691667	0.5	-0.072422
19.700000	0.5	-0.082578
19.708333	0.5	-0.094688
19.716667	0.5	-0.106407
19.725000	0.5	-0.116172
19.733333	0.5	-0.123008
19.741667	0.5	-0.126914
19.750000	0.5	-0.127110
19.758333	0.5	-0.124571
19.766667	0.5	-0.121250
19.775000	0.5	-0.119688
19.783333	0.5	-0.120860
19.791667	0.5	-0.126328
19.800000	0.5	-0.131993
19.808333	0.5	-0.135899
19.816667	0.5	-0.136289
19.825000	0.5	-0.133164
19.833333	0.5	-0.126914
19.841667	0.5	-0.118907
19.850000	0.5	-0.113243
19.858333	0.5	-0.109922
19.866667	0.5	-0.110118
19.875000	0.5	-0.110703
19.883333	0.5	-0.108555
19.891667	0.5	-0.104063
19.900000	0.5	-0.099180
19.908333	0.5	-0.097227
19.916667	0.5	-0.099180
19.925000	0.5	-0.103868
19.933333	0.5	-0.108555
19.941667	0.5	-0.112071
19.950000	0.5	-0.113633
19.958333	0.5	-0.113828
19.966667	0.5	-0.114414
19.975000	0.5	-0.112657
19.983333	0.5	-0.108555
19.991667	0.5	-0.100743
20.000000	0.5	-0.089610
20.008333	0.5	-0.078477
20.016667	0.5	-0.071836
20.025000	0.5	-0.069883
20.033333	0.5	-0.071836
20.041667	0.5	-0.074375
20.050000	0.5	-0.077305
20.058333	0.5	-0.079844
20.066667	0.5	-0.082969
20.075000	0.5	-0.087266
20.083333	0.5	-0.092149
20.091667	0.5	-0.096836
20.100000	0.5	-0.099571
20.108333	0.5	-0.099961
20.116667	0.5	-0.099571
20.125000	0.5	-0.098594
20.133333	0.5	-0.098008
20.141667	0.5	-0.098399
20.150000	0.5	-0.100352
20.158333	0.5	-0.104844
20.166667	0.5	-0.110118
20.175000	0.5	-0.115977
20.183333	0.5	-0.120078
20.191667	0.5	-0.123203
20.200000	0.5	-0.123594
20.208333	0.5	-0.120274
20.216667	0.5	-0.115977
20.225000	0.5	-0.111680
20.233333	0.5	-0.109922
20.241667	0.5	-0.113047
20.250000	0.5	-0.120469
20.258333	0.5	-0.129063
20.266667	0.5	-0.133164
20.275000	0.5	-0.134141
20.283333	0.5	-0.131602
20.291667	0.5	-0.127305
20.300000	0.5	-0.123008
20.308333	0.5	-0.121836
20.316667	0.5	-0.126914
20.325000	0.5	-0.134141
20.333333	0.5	-0.141172
20.341667	0.5	-0.144102
20.350000	0.5	-0.143516
20.358333	0.5	-0.142539
20.366667	0.5	-0.143516
20.375000	0.5	-0.146836
20.383333	0.5	-0.150352
20.391667	0.5	-0.153282
20.400000	0.5	-0.154063
20.408333	0.5	-0.152500
20.416667	0.5	-0.149766
20.425000	0.5	-0.147227
20.433333	0.5	-0.146250
20.441667	0.5	-0.147032
20.450000	0.5	-0.148594
20.458333	0.5	-0.149180
20.466667	0.5	-0.149766
20.475000	0.5	-0.150743
20.483333	0.5	-0.150743
20.491667	0.5	-0.149961
20.500000	0.5	-0.148594
20.508333	0.5	-0.146641
20.516667	0.5	-0.142930
20.525000	0.5	-0.137852
20.533333	0.5	-0.132188
20.541667	0.5	-0.129844
20.550000	0.5	-0.131016
20.558333	0.5	-0.133946
20.566667	0.5	-0.135118
20.575000	0.5	-0.134727
20.583333	0.5	-0.134922
20.591667	0.5	-0.138828
20.600000	0.5	-0.147422
20.608333	0.5	-0.155235
20.616667	0.5	-0.157383
20.625000	0.5	-0.152891
20.633333	0.5	-0.143907
20.641667	0.5	-0.135118
20.650000	0.5	-0.129453
20.658333	0.5	-0.127305
20.666667	0.5	-0.128868
20.675000	0.5	-0.134141
20.683333	0.5	-0.140782
20.691667	0.5	-0.145469
20.700000	0.5	-0.143907
20.708333	0.5	-0.137266
20.716667	0.5	-0.129453
20.725000	0.5	-0.124961
20.733333	0.5	-0.124571
20.741667	0.5	-0.126524
20.750000	0.5	-0.128868
20.758333	0.5	-0.130625
20.766667	0.5	-0.131602
20.775000	0.5	-0.132578
20.783333	0.5	-0.132774
20.791667	0.5	-0.131211
20.800000	0.5	-0.128868
20.808333	0.5	-0.125352
20.816667	0.5	-0.121641
20.825000	0.5	-0.120469
20.833333	0.5	-0.121641
20.841667	0.5	-0.126328
20.850000	0.5	-0.130039
20.858333	0.5	-0.133555
20.866667	0.5	-0.134141
20.875000	0.5	-0.133360
20.883333	0.5	-0.132578
20.891667	0.5	-0.133946
20.900000	0.5	-0.136875
20.908333	0.5	-0.139805
20.916667	0.5	-0.142735
20.925000	0.5	-0.145078
20.933333	0.5	-0.148399
20.941667	0.5	-0.152110
20.950000	0.5	-0.155235
20.958333	0.5	-0.155039
20.966667	0.5	-0.152500
20.975000	0.5	-0.148594
20.983333	0.5	-0.145274
20.991667	0.5	-0.141563
21.000000	0.5	-0.135899
21.008333	0.5	-0.130235
21.016667	0.5	-0.125743
21.025000	0.5	-0.125547
21.033333	0.5	-0.128477
21.041667	0.5	-0.130235
21.050000	0.5	-0.127500
21.058333	0.5	-0.120860
21.066667	0.5	-0.115000
21.075000	0.5	-0.114024
21.083333	0.5	-0.117930
21.091667	0.5	-0.125938
21.100000	0.5	-0.131993
21.108333	0.5	-0.132578
21.116667	0.5	-0.128672
21.125000	0.5	-0.122032
21.133333	0.5	-0.119493
21.141667	0.5	-0.121250
21.150000	0.5	-0.124375
21.158333	0.5	-0.125743
21.166667	0.5	-0.124375
21.175000	0.5	-0.122813
21.183333	0.5	-0.125352
21.191667	0.5	-0.129258
21.200000	0.5	-0.133360
21.208333	0.5	-0.135118
21.216667	0.5	-0.132969
21.225000	0.5	-0.128672
21.233333	0.5	-0.126328
21.241667	0.5	-0.127500
21.250000	0.5	-0.131016
21.258333	0.5	-0.133750
21.266667	0.5	-0.133360
21.275000	0.5	-0.131211
21.283333	0.5	-0.128477
21.291667	0.5	-0.126133
21.300000	0.5	-0.122422
21.308333	0.5	-0.119883
21.316667	0.5	-0.119688
21.325000	0.5	-0.123985
21.333333	0.5	-0.129844
21.341667	0.5	-0.135313
21.350000	0.5	-0.138633
21.358333	0.5	-0.137657
21.366667	0.5	-0.132774
21.375000	0.5	-0.126524
21.383333	0.5	-0.120860
21.391667	0.5	-0.119493
21.400000	0.5	-0.120469
21.408333	0.5	-0.120274
21.416667	0.5	-0.118907
21.425000	0.5	-0.118321
21.433333	0.5	-0.119102
21.441667	0.5	-0.121446
21.450000	0.5	-0.123985
21.458333	0.5	-0.125157
21.466667	0.5	-0.123985
21.475000	0.5	-0.121836
21.483333	0.5	-0.119493
21.491667	0.5	-0.115586
21.500000	0.5	-0.111289
21.508333	0.5	-0.107188
21.516667	0.5	-0.105039
21.525000	0.5	-0.101914
21.533333	0.5	-0.095860
21.541667	0.5	-0.083750
21.550000	0.5	-0.067149
21.558333	0.5	-0.050157
21.566667	0.5	-0.032383
21.575000	0.5	-0.015977
21.583333	0.5	0.003750
21.591667	0.5	0.027578
21.600000	0.5	0.057461
21.608333	0.5	0.091250
21.616667	0.5	0.127773
21.625000	0.5	0.163320
21.633333	0.5	0.199257
21.641667	0.5	0.236757
21.650000	0.5	0.276015
21.658333	0.5	0.317226
21.666667	0.5	0.360390
21.675000	0.5	0.404922
21.683333	0.5	0.449843
21.691667	0.5	0.491445
21.700000	0.5	0.524062
21.708333	0.5	0.543593
21.716667	0.5	0.550820
21.725000	0.5	0.549062
21.733333	0.5	0.542812
21.741667	0.5	0.535195
21.750000	0.5	0.523086
21.758333	0.5	0.501797
21.766667	0.5	0.469570
21.775000	0.5	0.430117
21.783333	0.5	0.392226
21.791667	0.5	0.358437
21.800000	0.5	0.327382
21.808333	0.5	0.293007
21.816667	0.5	0.250234
21.825000	0.5	0.201211
21.833333	0.5	0.151601
21.841667	0.5	0.109414
21.850000	0.5	0.079336
21.858333	0.5	0.061367
21.866667	0.5	0.050429
21.875000	0.5	0.040859
21.883333	0.5	0.029531
21.891667	0.5	0.013711
21.900000	0.5	-0.007188
21.908333	0.5	-0.028282
21.916667	0.5	-0.047227
21.925000	0.5	-0.056797
21.933333	0.5	-0.058946
21.941667	0.5	-0.058555
21.950000	0.5	-0.060703
21.958333	0.5	-0.067735
21.966667	0.5	-0.077110
21.975000	0.5	-0.084922
21.983333	0.5	-0.085313
21.991667	0.5	-0.080235
22.000000	0.5	-0.074766
22.008333	0.5	-0.073203
22.016667	0.5	-0.074961
22.025000	0.5	-0.077891
22.033333	0.5	-0.078477
22.041667	0.5	-0.078672
22.050000	0.5	-0.082188
22.058333	0.5	-0.091758
22.066667	0.5	-0.104453
22.075000	0.5	-0.115977
22.083333	0.5	-0.121250
22.091667	0.5	-0.120078
22.100000	0.5	-0.116172
22.108333	0.5	-0.114219
22.116667	0.5	-0.116172
22.125000	0.5	-0.119688
22.133333	0.5	-0.121446
22.141667	0.5	-0.120274
22.150000	0.5	-0.119883
22.158333	0.5	-0.123985
22.166667	0.5	-0.129258
22.175000	0.5	-0.132774
22.183333	0.5	-0.130430
22.191667	0.5	-0.125157
22.200000	0.5	-0.121836
22.208333	0.5	-0.126524
22.216667	0.5	-0.133164
22.225000	0.5	-0.137461
22.233333	0.5	-0.136680
22.241667	0.5	-0.132969
22.250000	0.5	-0.132383
22.258333	0.5	-0.136094
22.266667	0.5	-0.142149
22.275000	0.5	-0.147422
22.283333	0.5	-0.150352
22.291667	0.5	-0.153086
22.300000	0.5	-0.156016
22.308333	0.5	-0.157969
22.316667	0.5	-0.155625
22.325000	0.5	-0.149571
22.333333	0.5	-0.142930
22.341667	0.5	-0.140000
22.350000	0.5	-0.142735
22.358333	0.5	-0.148203
22.366667	0.5	-0.153672
22.375000	0.5	-0.156993
22.383333	0.5	-0.157578
22.391667	0.5	-0.155039
22.400000	0.5	-0.151133
22.408333	0.5	-0.147032
22.416667	0.5	-0.144297
22.425000	0.5	-0.142149
22.433333	0.5	-0.141368
22.441667	0.5	-0.141368
22.450000	0.5	-0.144297
22.458333	0.5	-0.147813
22.466667	0.5	-0.152110
22.475000	0.5	-0.154844
22.483333	0.5	-0.155821
22.491667	0.5	-0.156602
22.500000	0.5	-0.155235
22.508333	0.5	-0.150938
22.516667	0.5	-0.141172
22.525000	0.5	-0.127305
22.533333	0.5	-0.114610
22.541667	0.5	-0.108360
22.550000	0.5	-0.109727
22.558333	0.5	-0.116758
22.566667	0.5	-0.123985
22.575000	0.5	-0.126524
22.583333	0.5	-0.122227
22.591667	0.5	-0.114024
22.600000	0.5	-0.105235
22.608333	0.5	-0.098985
22.616667	0.5	-0.093907
22.625000	0.5	-0.086680
22.633333	0.5	-0.073203
22.641667	0.5	-0.055039
22.650000	0.5	-0.033555
22.658333	0.5	-0.013828
22.666667	0.5	0.005117
22.675000	0.5	0.024843
22.683333	0.5	0.046523
22.691667	0.5	0.069179
22.700000	0.5	0.091445
22.708333	0.5	0.112148
22.716667	0.5	0.133242
22.725000	0.5	0.152382
22.733333	0.5	0.169179
22.741667	0.5	0.182070
22.750000	0.5	0.189101
22.758333	0.5	0.191640
22.766667	0.5	0.188906
22.775000	0.5	0.181289
22.783333	0.5	0.170547
22.791667	0.5	0.157461
22.800000	0.5	0.146132
22.808333	0.5	0.136367
22.816667	0.5	0.126406
22.825000	0.5	0.113906
22.833333	0.5	0.097890
22.841667	0.5	0.077187
22.850000	0.5	0.055898
22.858333	0.5	0.030898
22.866667	0.5	0.002382
22.875000	0.5	-0.028477
22.883333	0.5	-0.056602
22.891667	0.5	-0.074961
22.900000	0.5	-0.085313
22.908333	0.5	-0.092344
22.916667	0.5	-0.103868
22.925000	0.5	-0.119297
22.933333	0.5	-0.132969
22.941667	0.5	-0.139414
22.950000	0.5	-0.140000
22.958333	0.5	-0.140586
22.966667	0.5	-0.143907
22.975000	0.5	-0.148789
22.983333	0.5	-0.152500
22.991667	0.5	-0.152305
23.000000	0.5	-0.148985
23.008333	0.5	-0.145664
23.016667	0.5	-0.146250
23.025000	0.5	-0.151719
23.033333	0.5	-0.159922
23.041667	0.5	-0.168321
23.050000	0.5	-0.173203
23.058333	0.5	-0.174375
23.066667	0.5	-0.173203
23.075000	0.5	-0.170664
23.083333	0.5	-0.168125
23.091667	0.5	-0.166172
23.100000	0.5	-0.163828
23.108333	0.5	-0.161289
23.116667	0.5	-0.159141
23.125000	0.5	-0.157383
23.133333	0.5	-0.156602
23.141667	0.5	-0.155821
23.150000	0.5	-0.156602
23.158333	0.5	-0.158164
23.166667	0.5	-0.160118
23.175000	0.5	-0.160118
23.183333	0.5	-0.157774
23.191667	0.5	-0.154063
23.200000	0.5	-0.151133
23.208333	0.5	-0.151328
23.216667	0.5	-0.153868
23.225000	0.5	-0.154844
23.233333	0.5	-0.152500
23.241667	0.5	-0.148594
23.250000	0.5	-0.147618
23.258333	0.5	-0.153086
23.266667	0.5	-0.161485
23.275000	0.5	-0.168907
23.283333	0.5	-0.168516
23.291667	0.5	-0.163633
23.300000	0.5	-0.159336
23.308333	0.5	-0.158555
23.316667	0.5	-0.159922
23.325000	0.5	-0.160508
23.333333	0.5	-0.158555
23.341667	0.5	-0.155430
23.350000	0.5	-0.151719
23.358333	0.5	-0.149180
23.366667	0.5	-0.147227
23.375000	0.5	-0.147618
23.383333	0.5	-0.150938
23.391667	0.5	-0.157188
23.400000	0.5	-0.163243
23.408333	0.5	-0.164805
23.416667	0.5	-0.161875
23.425000	0.5	-0.157578
23.433333	0.5	-0.154844
23.441667	0.5	-0.154258
23.450000	0.5	-0.152500
23.458333	0.5	-0.146641
23.466667	0.5	-0.138828
23.475000	0.5	-0.133360
23.483333	0.5	-0.136875
23.491667	0.5	-0.148399
23.500000	0.5	-0.160313
23.508333	0.5	-0.164024
23.516667	0.5	-0.156993
23.525000	0.5	-0.145078
23.533333	0.5	-0.138243
23.541667	0.5	-0.140586
23.550000	0.5	-0.150938
23.558333	0.5	-0.162266
23.566667	0.5	-0.169493
23.575000	0.5	-0.167735
23.583333	0.5	-0.158555
23.591667	0.5	-0.148789
23.600000	0.5	-0.141953
23.608333	0.5	-0.141758
23.616667	0.5	-0.147227
23.625000	0.5	-0.153477
23.633333	0.5	-0.155821
23.641667	0.5	-0.154063
23.650000	0.5	-0.150547
23.658333	0.5	-0.149571
23.666667	0.5	-0.153672
23.675000	0.5	-0.160899
23.683333	0.5	-0.168711
23.691667	0.5	-0.172032
23.700000	0.5	-0.171836
23.708333	0.5	-0.169297
23.716667	0.5	-0.167344
23.725000	0.5	-0.166563
23.733333	0.5	-0.167149
23.741667	0.5	-0.168907
23.750000	0.5	-0.172227
23.758333	0.5	-0.175157
23.766667	0.5	-0.175547
23.775000	0.5	-0.173008
23.783333	0.5	-0.169297
23.791667	0.5	-0.166953
23.800000	0.5	-0.164805
23.808333	0.5	-0.162852
23.816667	0.5	-0.160313
23.825000	0.5	-0.157383
23.833333	0.5	-0.156016
23.841667	0.5	-0.155235
23.850000	0.5	-0.153282
23.858333	0.5	-0.150547
23.866667	0.5	-0.150157
23.875000	0.5	-0.153086
23.883333	0.5	-0.158750
23.891667	0.5	-0.163047
23.900000	0.5	-0.163633
23.908333	0.5	-0.161485
23.916667	0.5	-0.158360
23.925000	0.5	-0.156407
23.933333	0.5	-0.156211
23.941667	0.5	-0.157969
23.950000	0.5	-0.160313
23.958333	0.5	-0.161094
23.966667	0.5	-0.158164
23.975000	0.5	-0.152110
23.983333	0.5	-0.146641
23.991667	0.5	-0.148008
24.000000	0.5	-0.154844
24.008333	0.5	-0.162071
24.016667	0.5	-0.165196
24.025000	0.5	-0.160899
24.033333	0.5	-0.154649
24.041667	0.5	-0.150743
24.050000	0.5	-0.151133
24.058333	0.5	-0.153868
24.066667	0.5	-0.158555
24.075000	0.5	-0.164219
24.083333	0.5	-0.171836
24.091667	0.5	-0.180625
24.100000	0.5	-0.188243
24.108333	0.5	-0.191758
24.116667	0.5	-0.190586
24.125000	0.5	-0.183946
24.133333	0.5	-0.173789
24.141667	0.5	-0.162071
24.150000	0.5	-0.151719
24.158333	0.5	-0.145469
24.166667	0.5	-0.144688
24.175000	0.5	-0.149180
24.183333	0.5	-0.155821
24.191667	0.5	-0.161485
24.200000	0.5	-0.166758
24.208333	0.5	-0.169688
24.216667	0.5	-0.171250
24.225000	0.5	-0.169493
24.233333	0.5	-0.163633
24.241667	0.5	-0.159336
24.250000	0.5	-0.160508
24.258333	0.5	-0.168711
24.266667	0.5	-0.178282
24.275000	0.5	-0.182774
24.283333	0.5	-0.179649
24.291667	0.5	-0.171250
24.300000	0.5	-0.162852
24.308333	0.5	-0.159532
24.316667	0.5	-0.161094
24.325000	0.5	-0.163633
24.333333	0.5	-0.162852
24.341667	0.5	-0.159532
24.350000	0.5	-0.156602
24.358333	0.5	-0.156407
24.366667	0.5	-0.156602
24.375000	0.5	-0.154844
24.383333	0.5	-0.152500
24.391667	0.5	-0.152305
24.400000	0.5	-0.154258
24.408333	0.5	-0.156407
24.416667	0.5	-0.156602
24.425000	0.5	-0.156797
24.433333	0.5	-0.159727
24.441667	0.5	-0.164805
24.450000	0.5	-0.168711
24.458333	0.5	-0.170274
24.466667	0.5	-0.170469
24.475000	0.5	-0.171250
24.483333	0.5	-0.171055
24.491667	0.5	-0.167344
24.500000	0.5	-0.160313
24.508333	0.5	-0.154649
24.516667	0.5	-0.151328
24.525000	0.5	-0.149375
24.533333	0.5	-0.148789
24.541667	0.5	-0.149375
24.550000	0.5	-0.153868
24.558333	0.5	-0.160508
24.566667	0.5	-0.167149
24.575000	0.5	-0.169883
24.583333	0.5	-0.169102
24.591667	0.5	-0.167930
24.600000	0.5	-0.165782
24.608333	0.5	-0.162071
24.616667	0.5	-0.157188
24.625000	0.5	-0.152500
24.633333	0.5	-0.147813
24.641667	0.5	-0.144102
24.650000	0.5	-0.140000
24.658333	0.5	-0.134727
24.666667	0.5	-0.126914
24.675000	0.5	-0.115782
24.683333	0.5	-0.101914
24.691667	0.5	-0.086485
24.700000	0.5	-0.070664
24.708333	0.5	-0.054649
24.716667	0.5	-0.035703
24.725000	0.5	-0.015000
24.733333	0.5	0.006875
24.741667	0.5	0.025039
24.750000	0.5	0.041054
24.758333	0.5	0.057070
24.766667	0.5	0.074843
24.775000	0.5	0.095351
24.783333	0.5	0.113906
24.791667	0.5	0.131875
24.800000	0.5	0.149062
24.808333	0.5	0.164492
24.816667	0.5	0.174257
24.825000	0.5	0.172890
24.833333	0.5	0.160390
24.841667	0.5	0.143593
24.850000	0.5	0.127382
24.858333	0.5	0.114101
24.866667	0.5	0.102187
24.875000	0.5	0.089101
24.883333	0.5	0.072890
24.891667	0.5	0.055703
24.900000	0.5	0.036757
24.908333	0.5	0.019179
24.916667	0.5	0.003750
24.925000	0.5	-0.011094
24.933333	0.5	-0.027110
24.941667	0.5	-0.047813
24.950000	0.5	-0.069493
24.958333	0.5	-0.089219
24.966667	0.5	-0.104844
24.975000	0.5	-0.118516
24.983333	0.5	-0.131993
24.991667	0.5	-0.143907
25.000000	0.5	-0.153868
25.008333	0.5	-0.161094
25.016667	0.5	-0.166758
25.025000	0.5	-0.169688
25.033333	0.5	-0.170664
25.041667	0.5	-0.170664
25.050000	0.5	-0.168907
25.058333	0.5	-0.163438
25.066667	0.5	-0.156797
25.075000	0.5	-0.150938
25.083333	0.5	-0.150547
25.091667	0.5	-0.155430
25.100000	0.5	-0.164024
25.108333	0.5	-0.172227
25.116667	0.5	-0.176914
25.125000	0.5	-0.178086
25.133333	0.5	-0.175938
25.141667	0.5	-0.169883
25.150000	0.5	-0.161485
25.158333	0.5	-0.154844
25.166667	0.5	-0.150547
25.175000	0.5	-0.148594
25.183333	0.5	-0.148594
25.191667	0.5	-0.149180
25.200000	0.5	-0.151524
25.208333	0.5	-0.155039
25.216667	0.5	-0.157774
25.225000	0.5	-0.159727
25.233333	0.5	-0.160313
25.241667	0.5	-0.162266
25.250000	0.5	-0.165977
25.258333	0.5	-0.168711
25.266667	0.5	-0.167930
25.275000	0.5	-0.162461
25.283333	0.5	-0.158164
25.291667	0.5	-0.156602
25.300000	0.5	-0.159336
25.308333	0.5	-0.165782
25.316667	0.5	-0.172422
25.325000	0.5	-0.176328
25.333333	0.5	-0.174180
25.341667	0.5	-0.166953
25.350000	0.5	-0.158750
25.358333	0.5	-0.154258
25.366667	0.5	-0.154258
25.375000	0.5	-0.156407
25.383333	0.5	-0.157383
25.391667	0.5	-0.158555
25.400000	0.5	-0.160508
25.408333	0.5	-0.165586
25.416667	0.5	-0.170860
25.425000	0.5	-0.174375
25.433333	0.5	-0.176719
25.441667	0.5	-0.178868
25.450000	0.5	-0.181407
25.458333	0.5	-0.183946
25.466667	0.5	-0.184727
25.475000	0.5	-0.181993
25.483333	0.5	-0.178086
25.491667	0.5	-0.175352
25.500000	0.5	-0.176524
25.508333	0.5	-0.182188
25.516667	0.5	-0.190000
25.525000	0.5	-0.197227
25.533333	0.5	-0.201914
25.541667	0.5	-0.203672
25.550000	0.5	-0.203086
25.558333	0.5	-0.200352
25.566667	0.5	-0.194102
25.575000	0.5	-0.187461
25.583333	0.5	-0.183750
25.591667	0.5	-0.182969
25.600000	0.5	-0.184141
25.608333	0.5	-0.186094
25.616667	0.5	-0.188633
25.625000	0.5	-0.193711
25.633333	0.5	-0.200743
25.641667	0.5	-0.207383
25.650000	0.5	-0.210313
25.658333	0.5	-0.209336
25.666667	0.5	-0.204649
25.675000	0.5	-0.200743
25.683333	0.5	-0.197618
25.691667	0.5	-0.194688
25.700000	0.5	-0.189805
25.708333	0.5	-0.182774
25.716667	0.5	-0.173985
25.725000	0.5	-0.166368
25.733333	0.5	-0.162071
25.741667	0.5	-0.163243
25.750000	0.5	-0.167930
25.758333	0.5	-0.170860
25.766667	0.5	-0.171250
25.775000	0.5	-0.171250
25.783333	0.5	-0.173203
25.791667	0.5	-0.179063
25.800000	0.5	-0.185899
25.808333	0.5	-0.191563
25.816667	0.5	-0.193711
25.825000	0.5	-0.193125
25.833333	0.5	-0.191758
25.841667	0.5	-0.190196
25.850000	0.5	-0.189805
25.858333	0.5	-0.190977
25.866667	0.5	-0.194883
25.875000	0.5	-0.201328
25.883333	0.5	-0.206602
25.891667	0.5	-0.208750
25.900000	0.5	-0.206211
25.908333	0.5	-0.203086
25.916667	0.5	-0.200157
25.925000	0.5	-0.196446
25.933333	0.5	-0.189610
25.941667	0.5	-0.180039
25.950000	0.5	-0.171836
25.958333	0.5	-0.167930
25.966667	0.5	-0.167539
25.975000	0.5	-0.166563
25.983333	0.5	-0.161680
25.991667	0.5	-0.155235
26.000000	0.5	-0.151328
26.008333	0.5	-0.152696
26.016667	0.5	-0.159141
26.025000	0.5	-0.168125
26.033333	0.5	-0.173985
26.041667	0.5	-0.174961
26.050000	0.5	-0.171641
26.058333	0.5	-0.167344
26.066667	0.5	-0.164805
26.075000	0.5	-0.168516
26.083333	0.5	-0.175352
26.091667	0.5	-0.182774
26.100000	0.5	-0.189610
26.108333	0.5	-0.196055
26.116667	0.5	-0.202305
26.125000	0.5	-0.206211
26.133333	0.5	-0.205430
26.141667	0.5	-0.200938
26.150000	0.5	-0.196250
26.158333	0.5	-0.194688
26.166667	0.5	-0.194688
26.175000	0.5	-0.193516
26.183333	0.5	-0.189414
26.191667	0.5	-0.182969
26.200000	0.5	-0.177110
26.208333	0.5	-0.173008
26.216667	0.5	-0.172422
26.225000	0.5	-0.175352
26.233333	0.5	-0.180039
26.241667	0.5	-0.184141
26.250000	0.5	-0.184922
26.258333	0.5	-0.182578
26.266667	0.5	-0.179453
26.275000	0.5	-0.176133
26.283333	0.5	-0.173594
26.291667	0.5	-0.173203
26.300000	0.5	-0.174375
26.308333	0.5	-0.176719
26.316667	0.5	-0.178868
26.325000	0.5	-0.179063
26.333333	0.5	-0.177500
26.341667	0.5	-0.174961
26.350000	0.5	-0.172422
26.358333	0.5	-0.170274
26.366667	0.5	-0.169297
26.375000	0.5	-0.169493
26.383333	0.5	-0.171641
26.391667	0.5	-0.174180
26.400000	0.5	-0.174766
26.408333	0.5	-0.171836
26.416667	0.5	-0.168125
26.425000	0.5	-0.166368
26.433333	0.5	-0.168125
26.441667	0.5	-0.171641
26.450000	0.5	-0.175547
26.458333	0.5	-0.177696
26.466667	0.5	-0.176524
26.475000	0.5	-0.172227
26.483333	0.5	-0.165977
26.491667	0.5	-0.160313
26.500000	0.5	-0.160899
26.508333	0.5	-0.164805
26.516667	0.5	-0.169883
26.525000	0.5	-0.172032
26.533333	0.5	-0.173008
26.541667	0.5	-0.174375
26.550000	0.5	-0.176914
26.558333	0.5	-0.179844
26.566667	0.5	-0.183164
26.575000	0.5	-0.186289
26.583333	0.5	-0.188438
26.591667	0.5	-0.188828
26.600000	0.5	-0.186875
26.608333	0.5	-0.183750
26.616667	0.5	-0.180235
26.625000	0.5	-0.177891
26.633333	0.5	-0.177305
26.641667	0.5	-0.179453
26.650000	0.5	-0.184336
26.658333	0.5	-0.187852
26.666667	0.5	-0.187461
26.675000	0.5	-0.181993
26.683333	0.5	-0.174766
26.691667	0.5	-0.169102
26.700000	0.5	-0.166172
26.708333	0.5	-0.164414
26.716667	0.5	-0.163243
26.725000	0.5	-0.163047
26.733333	0.5	-0.167149
26.741667	0.5	-0.173008
26.750000	0.5	-0.179844
26.758333	0.5	-0.184336
26.766667	0.5	-0.185899
26.775000	0.5	-0.184922
26.783333	0.5	-0.183164
26.791667	0.5	-0.180039
26.800000	0.5	-0.175157
26.808333	0.5	-0.170078
26.816667	0.5	-0.165782
26.825000	0.5	-0.165391
26.833333	0.5	-0.168711
26.841667	0.5	-0.171836
26.850000	0.5	-0.175157
26.858333	0.5	-0.179063
26.866667	0.5	-0.185118
26.875000	0.5	-0.191563
26.883333	0.5	-0.194297
26.891667	0.5	-0.191368
26.900000	0.5	-0.183555
26.908333	0.5	-0.175743
26.916667	0.5	-0.171836
26.925000	0.5	-0.172422
26.933333	0.5	-0.176133
26.941667	0.5	-0.181016
26.950000	0.5	-0.185899
26.958333	0.5	-0.190586
26.966667	0.5	-0.192930
26.975000	0.5	-0.193711
26.983333	0.5	-0.193711
26.991667	0.5	-0.195274
27.000000	0.5	-0.197422
27.008333	0.5	-0.199571
27.016667	0.5	-0.200938
27.025000	0.5	-0.199571
27.033333	0.5	-0.197227
27.041667	0.5	-0.192735
27.050000	0.5	-0.189024
27.058333	0.5	-0.185703
27.066667	0.5	-0.185899
27.075000	0.5	-0.187657
27.083333	0.5	-0.189610
27.091667	0.5	-0.190000
27.100000	0.5	-0.188047
27.108333	0.5	-0.185508
27.116667	0.5	-0.183946
27.125000	0.5	-0.183946
27.133333	0.5	-0.183555
27.141667	0.5	-0.182969
27.150000	0.5	-0.183164
27.158333	0.5	-0.185508
27.166667	0.5	-0.189219
27.175000	0.5	-0.190782
27.183333	0.5	-0.190000
27.191667	0.5	-0.187461
27.200000	0.5	-0.186875
27.208333	0.5	-0.188047
27.216667	0.5	-0.191172
27.225000	0.5	-0.194297
27.233333	0.5	-0.196836
27.241667	0.5	-0.197813
27.250000	0.5	-0.198008
27.258333	0.5	-0.195078
27.266667	0.5	-0.189024
27.275000	0.5	-0.182383
27.283333	0.5	-0.177500
27.291667	0.5	-0.176524
27.300000	0.5	-0.179258
27.308333	0.5	-0.182383
27.316667	0.5	-0.184141
27.325000	0.5	-0.185899
27.333333	0.5	-0.188828
27.341667	0.5	-0.193711
27.350000	0.5	-0.197813
27.358333	0.5	-0.199375
27.366667	0.5	-0.197422
27.375000	0.5	-0.192344
27.383333	0.5	-0.187071
27.391667	0.5	-0.184922
27.400000	0.5	-0.187461
27.408333	0.5	-0.194297
27.416667	0.5	-0.202696
27.425000	0.5	-0.206407
27.433333	0.5	-0.204258
27.441667	0.5	-0.195664
27.450000	0.5	-0.186289
27.458333	0.5	-0.180821
27.466667	0.5	-0.181211
27.475000	0.5	-0.184922
27.483333	0.5	-0.188438
27.491667	0.5	-0.188633
27.500000	0.5	-0.186875
27.508333	0.5	-0.184532
27.516667	0.5	-0.185313
27.525000	0.5	-0.187852
27.533333	0.5	-0.190782
27.541667	0.5	-0.193711
27.550000	0.5	-0.197032
27.558333	0.5	-0.201524
27.566667	0.5	-0.204453
27.575000	0.5	-0.203868
27.583333	0.5	-0.198985
27.591667	0.5	-0.191953
27.600000	0.5	-0.186680
27.608333	0.5	-0.185118
27.616667	0.5	-0.186094
27.625000	0.5	-0.186485
27.633333	0.5	-0.184141
27.641667	0.5	-0.180430
27.650000	0.5	-0.177110
27.658333	0.5	-0.175352
27.666667	0.5	-0.174766
27.675000	0.5	-0.174961
27.683333	0.5	-0.175157
27.691667	0.5	-0.174961
27.700000	0.5	-0.173008
27.708333	0.5	-0.168321
27.716667	0.5	-0.162852
27.725000	0.5	-0.162071
27.733333	0.5	-0.167539
27.741667	0.5	-0.175547
27.750000	0.5	-0.182969
27.758333	0.5	-0.185313
27.766667	0.5	-0.181797
27.775000	0.5	-0.174180
27.783333	0.5	-0.165000
27.791667	0.5	-0.158555
27.800000	0.5	-0.155821
27.808333	0.5	-0.156602
27.816667	0.5	-0.159922
27.825000	0.5	-0.163438
27.833333	0.5	-0.167539
27.841667	0.5	-0.169688
27.850000	0.5	-0.171446
27.858333	0.5	-0.174180
27.866667	0.5	-0.178086
27.875000	0.5	-0.183360
27.883333	0.5	-0.188047
27.891667	0.5	-0.190782
27.900000	0.5	-0.192539
27.908333	0.5	-0.193125
27.916667	0.5	-0.193711
27.925000	0.5	-0.192930
27.933333	0.5	-0.190391
27.941667	0.5	-0.187071
27.950000	0.5	-0.185899
27.958333	0.5	-0.187657
27.966667	0.5	-0.191172
27.975000	0.5	-0.192735
27.983333	0.5	-0.193321
27.991667	0.5	-0.191953
28.000000	0.5	-0.191172
28.008333	0.5	-0.191172
28.016667	0.5	-0.191758
28.025000	0.5	-0.192735
28.033333	0.5	-0.195664
28.041667	0.5	-0.200547
28.050000	0.5	-0.204258
28.058333	0.5	-0.202305
28.066667	0.5	-0.193125
28.075000	0.5	-0.179844
28.083333	0.5	-0.169493
28.091667	0.5	-0.167539
28.100000	0.5	-0.175938
28.108333	0.5	-0.189805
28.116667	0.5	-0.202110
28.125000	0.5	-0.209532
28.133333	0.5	-0.210313
28.141667	0.5	-0.209922
28.150000	0.5	-0.210118
28.158333	0.5	-0.209922
28.166667	0.5	-0.205430
28.175000	0.5	-0.197813
28.183333	0.5	-0.190196
28.191667	0.5	-0.186094
28.200000	0.5	-0.188828
28.208333	0.5	-0.196836
28.216667	0.5	-0.207969
28.225000	0.5	-0.216953
28.233333	0.5	-0.218711
28.241667	0.5	-0.211680
28.250000	0.5	-0.197227
28.258333	0.5	-0.184727
28.266667	0.5	-0.177696
28.275000	0.5	-0.179844
28.283333	0.5	-0.186094
28.291667	0.5	-0.193321
28.300000	0.5	-0.198594
28.308333	0.5	-0.201524
28.316667	0.5	-0.203672
28.325000	0.5	-0.203868
28.333333	0.5	-0.202305
28.341667	0.5	-0.198399
28.350000	0.5	-0.193125
28.358333	0.5	-0.188828
28.366667	0.5	-0.186094
28.375000	0.5	-0.184727
28.383333	0.5	-0.183555
28.391667	0.5	-0.182969
28.400000	0.5	-0.184727
28.408333	0.5	-0.189024
28.416667	0.5	-0.194883
28.425000	0.5	-0.200352
28.433333	0.5	-0.204453
28.441667	0.5	-0.207774
28.450000	0.5	-0.209922
28.458333	0.5	-0.208750
28.466667	0.5	-0.204453
28.475000	0.5	-0.198399
28.483333	0.5	-0.190977
28.491667	0.5	-0.183164
28.500000	0.5	-0.175547
28.508333	0.5	-0.170860
28.516667	0.5	-0.170274
28.525000	0.5	-0.173399
28.533333	0.5	-0.179649
28.541667	0.5	-0.186485
28.550000	0.5	-0.192344
28.558333	0.5	-0.195469
28.566667	0.5	-0.195469
28.575000	0.5	-0.193516
28.583333	0.5	-0.192735
28.591667	0.5	-0.193711
28.600000	0.5	-0.197422
28.608333	0.5	-0.200743
28.616667	0.5	-0.201914
28.625000	0.5	-0.200352
28.633333	0.5	-0.195274
28.641667	0.5	-0.189805
28.650000	0.5	-0.187071
28.658333	0.5	-0.188047
28.666667	0.5	-0.190000
28.675000	0.5	-0.188828
28.683333	0.5	-0.183750
28.691667	0.5	-0.178086
28.700000	0.5	-0.176133
28.708333	0.5	-0.179063
28.716667	0.5	-0.184336
28.725000	0.5	-0.187461
28.733333	0.5	-0.188633
28.741667	0.5	-0.187461
28.750000	0.5	-0.185508
28.758333	0.5	-0.182383
28.766667	0.5	-0.178672
28.775000	0.5	-0.178086
28.783333	0.5	-0.182578
28.791667	0.5	-0.192930
28.800000	0.5	-0.205625
28.808333	0.5	-0.216563
28.816667	0.5	-0.223594
28.825000	0.5	-0.227305
28.833333	0.5	-0.227891
28.841667	0.5	-0.225547
28.850000	0.5	-0.219493
28.858333	0.5	-0.211094
28.866667	0.5	-0.201328
28.875000	0.5	-0.195469
28.883333	0.5	-0.194493
28.891667	0.5	-0.196836
28.900000	0.5	-0.198203
28.908333	0.5	-0.194688
28.916667	0.5	-0.189805
28.925000	0.5	-0.186485
28.933333	0.5	-0.190000
28.941667	0.5	-0.198594
28.950000	0.5	-0.208164
28.958333	0.5	-0.212657
28.966667	0.5	-0.211485
28.975000	0.5	-0.206602
28.983333	0.5	-0.200547
28.991667	0.5	-0.196836
29.000000	0.5	-0.196641
29.008333	0.5	-0.196641
29.016667	0.5	-0.196250
29.025000	0.5	-0.193907
29.033333	0.5	-0.192344
29.041667	0.5	-0.196055
29.050000	0.5	-0.204453
29.058333	0.5	-0.211875
29.066667	0.5	-0.209532
29.075000	0.5	-0.197813
29.083333	0.5	-0.184532
29.091667	0.5	-0.176328
29.100000	0.5	-0.177110
29.108333	0.5	-0.184922
29.116667	0.5	-0.193516
29.125000	0.5	-0.198985
29.133333	0.5	-0.198985
29.141667	0.5	-0.194297
29.150000	0.5	-0.188828
29.158333	0.5	-0.184336
29.166667	0.5	-0.183164
29.175000	0.5	-0.184532
29.183333	0.5	-0.187461
29.191667	0.5	-0.188828
29.200000	0.5	-0.188633
29.208333	0.5	-0.187852
29.216667	0.5	-0.188243
29.225000	0.5	-0.190000
29.233333	0.5	-0.191368
29.241667	0.5	-0.191953
29.250000	0.5	-0.192149
29.258333	0.5	-0.192735
29.266667	0.5	-0.191953
29.275000	0.5	-0.187852
29.283333	0.5	-0.181407
29.291667	0.5	-0.176719
29.300000	0.5	-0.178086
29.308333	0.5	-0.183555
29.316667	0.5	-0.190000
29.325000	0.5	-0.192735
29.333333	0.5	-0.191172
29.341667	0.5	-0.189024
29.350000	0.5	-0.190196
29.358333	0.5	-0.196055
29.366667	0.5	-0.203086
29.375000	0.5	-0.209922
29.383333	0.5	-0.210313
29.391667	0.5	-0.206797
29.400000	0.5	-0.201328
29.408333	0.5	-0.195860
29.416667	0.5	-0.190782
29.425000	0.5	-0.186875
29.433333	0.5	-0.185899
29.441667	0.5	-0.187657
29.450000	0.5	-0.190586
29.458333	0.5	-0.192539
29.466667	0.5	-0.194297
29.475000	0.5	-0.195078
29.483333	0.5	-0.198008
29.491667	0.5	-0.201328
29.500000	0.5	-0.204649
29.508333	0.5	-0.207969
29.516667	0.5	-0.209336
29.525000	0.5	-0.210313
29.533333	0.5	-0.206993
29.541667	0.5	-0.199961
29.550000	0.5	-0.190000
29.558333	0.5	-0.180625
29.566667	0.5	-0.175743
29.575000	0.5	-0.175743
29.583333	0.5	-0.179258
29.591667	0.5	-0.184922
29.600000	0.5	-0.189219
29.608333	0.5	-0.191758
29.616667	0.5	-0.191953
29.625000	0.5	-0.192735
29.633333	0.5	-0.193711
29.641667	0.5	-0.195469
29.650000	0.5	-0.195664
29.658333	0.5	-0.195664
29.666667	0.5	-0.195664
29.675000	0.5	-0.197032
29.683333	0.5	-0.197618
29.691667	0.5	-0.197422
29.700000	0.5	-0.196641
29.708333	0.5	-0.197032
29.716667	0.5	-0.198203
29.725000	0.5	-0.199571
29.733333	0.5	-0.200157
29.741667	0.5	-0.200547
29.750000	0.5	-0.201133
29.758333	0.5	-0.202696
29.766667	0.5	-0.205821
29.775000	0.5	-0.210703
29.783333	0.5	-0.214414
29.791667	0.5	-0.215977
29.800000	0.5	-0.215196
29.808333	0.5	-0.213438
29.816667	0.5	-0.211094
29.825000	0.5	-0.207969
29.833333	0.5	-0.204063
29.841667	0.5	-0.200352
29.850000	0.5	-0.196250
29.858333	0.5	-0.193321
29.866667	0.5	-0.191953
29.875000	0.5	-0.190000
29.883333	0.5	-0.188047
29.891667	0.5	-0.185118
29.900000	0.5	-0.183750
29.908333	0.5	-0.184141
29.916667	0.5	-0.187071
29.925000	0.5	-0.191953
29.933333	0.5	-0.198985
29.941667	0.5	-0.207774
29.950000	0.5	-0.215196
29.958333	0.5	-0.216953
29.966667	0.5	-0.213828
29.975000	0.5	-0.206993
29.983333	0.5	-0.201133
29.991667	0.5	-0.198985
30.000000	0.5	-0.199571
30.008333	0.5	-0.199961
30.016667	0.5	-0.198789
30.025000	0.5	-0.197618
30.033333	0.5	-0.197618